18829498,6,3
18829403,8,7
18829944,2,1
18829328,2,0
18829412,17,3
18829914,0,1
18829890,4,1
18829333,1,0
18829519,0,3
18829524,0,1
18829513,1,0
18829421,15,5
18829927,2,0
18829508,1,0
18829903,1,1
18829479,2,0
18829430,2,0
18829862,1,1
e2x1lkw4eakbffxtf0617g114,11,2
eaaq4lwcy4g8fgtkukafkdbo6,19,1
e6gc9grusa1eu5bds8xskpunw,2,1
elrh4znsj8koo99usmdsm5xo8,19,1
e0ysk7rd48vuibphc95wk44if,1,0
e6kn6q3hvaxh4x08hmpcs3n6e,10,0
evdb8k9rnkuti59b1f6xa82aw,2,0
eop9fhh7m7uftmizjy943m5i1,17,3
eic5igs1omldrprv840nnz456,7,1
e81tntlw8bgscqldik8h67iqt,0,0
eujqhdjmesdsq0p4w3ymadmx7,6,2
elujmcn0i4k7h7r3mmhl8xks2,19,1
erixjmeevixv0c44e8mb8k0re,11,2
edvmddsjt5oxvq4yo7rh1ghpf,18,2
ejwm4e1b6sd0g7c96wh0sutee,1,0
eekivdwmsjk0k4gyis2vb12mn,4,1
egk5q1s2n54xv3bioq9wxf8ls,18,2
exhn8sr79z8zt53dr7zkxy4g0,19,1
eweegi3fm6nl3mg85bm31vapd,3,0
eryd8qzd353a8uudks3se97ll,18,2
eiaahth6t4xart3qp036cj3u4,12,1
en5jk97e4me2uxsokuq5vtxk0,5,1
ew2u2jeuzxoarmmzmzlm5k0tj,1,0
eggyo9knj668ewfnvok24a21f,20,0
egfvfoz8occw11qtjjz57n6af,7,0
e1zh5v18r0ahk8o4jct3232ka,14,0
27182848,4,0
27182675,2,1
27182844,3,0
27182677,1,0
27182676,1,1
27182679,1,0
27182843,2,0
27182674,0,1
27182841,5,0
27182846,1,0
27182850,2,0
27182845,1,1
27182849,1,0
er6qsr266g47ewe4iybs5634q,1,0
ea3nlwuefquunodv712xpidgo,2,1
ed0j9dvaqygf27jmayisce0ef,6,0
e0l239zy3swwj4xiqbfe2pvlk,1,0
eub9jpgsws5q93mp2a2meyvdo,4,0
e5bquqayo3sy9hjk1fgcpmxl0,1,0
e0esq2h54gim3ug3s0zz3ruyy,0,1
eynznd58z4dqhc2ibyho4gu30,2,0
e9lo5rlz53je0dw8txgzhfe88,2,0
ejlp88jjz2y701sguzqda7igr,2,0
ep2jl5ogxqgh6onaelpsgk4i2,0,1
eih5bwdcqpyrtigugytxstdui,4,1
etoc34misua8xr2ukyzp9rylu,1,1
eonfb9tgsk8kfwjt31i693i2l,1,1
evtr5hxtcst0rsjefww18plzj,6,2
ezv5uslehuzowassfr3adb175,1,0
ehyi4fbdd1o432lmpimmng8ll,2,0
eud5ckndtnwdzu1dn4td3z77u,1,1
enm6etzylg3jjg3u0qv6yh3zi,0,1
eghk4g70ofncynjv8l3ng8e81,3,0
eeo8ehk8jucxpfmlenv0bqpct,2,0
eqchw7fup42rp632ae223wjlb,1,0
eys95rp7s4onmi1j8g3swk4bm,0,1
ejfzcym7i6hgomh4ikg677uox,0,1
est7a8exxznh517r2272ndarh,1,0
e27qkh2q5hwywrcpmkfx03hnc,6,3
eio1ehqh8maf5budoo0bs7pnk,0,1
37340904,1,0
37340907,1,1
37340925,1,0
37340903,3,0
37340928,1,0
37340902,0,0
37340924,1,0
37340906,1,0
24273084,1,0
24273096,15,1
24273291,2,0
24273296,1,0
24273249,1,0
24273036,1,0
24273087,1,0
24273176,6,0
24273198,1,0
24273015,1,0
24273260,2,0
24273191,0,1
24273173,0,0
24273486,0,0
24273275,1,0
24273169,2,1
24273272,1,0
24273222,1,0
24273294,1,0
24273119,2,1
24273057,2,0
24273227,4,0
24273132,0,0
24273050,0,1
24273316,1,0
24273093,1,0
24273392,1,0
24273334,1,0
24273228,1,1
24273038,2,0
24273255,1,0
24273114,1,0
24273200,3,0
24273009,1,0
24273034,2,0
24273246,1,0
24273224,1,0
24273150,1,0
24273196,2,0
24273110,1,0
24273167,11,1
24273026,6,0
24273018,1,0
24273420,1,0
24273464,0,0
24273155,1,0
24273219,1,0
24273337,1,0
24273148,1,0
24273079,2,0
24273376,2,0
24273029,1,0
24273014,5,0
24273231,2,0
24273179,1,0
24273321,0,0
24273257,1,0
24273307,0,1
24273266,1,0
24273059,5,0
24273048,1,1
2009376,0,1
2009381,1,0
2009392,1,0
2009358,3,0
2009371,1,0
35034372,1,1
35034489,1,0
35033768,1,0
35034491,1,0
35034256,1,0
34635020,0,1
e4ncya7etbdrp56udvhuz5vf4,6,0
ellut170itmbkzaky3qdgx7be,3,1
e7x0shon95yontrzrlhoxzij4,3,0
eu8vaverem5ije1hmp78p3ua1,16,4
etd7rcr9d61sfu3l3od99mhjq,4,0
e1ruao89q014fq2o6insy6r8r,18,2
et11vmyp2lpbtafqdpgz1h7xf,15,0
evmkspwt58gejuyolkkf5lf5r,18,2
er66r5l23e3euqjdtkrlasv6v,3,0
etbck5b9abhy8reh8cbx4cmkt,1,0
e2edq5qljr7gqxlsyo86osq57,3,0
e1yjjwj70dcc913n257nckfdb,15,0
e5188p6vzl1g1k15dy2lkg4cj,8,0
e6542n2jv9qei2eutap62blny,3,4
erx1fvhtjwggrfshbujwakdro,8,1
eenc7otk8becs7b9e5kt3epwk,3,1
em0s01nwp0nvwki719vsj0l71,1,0
ebfalhtk276bjxn2sztoacpm1,1,0
e4nac64lg7j7hk7m3lchrskfi,1,0
e60hjkmc5onjqm2oee699x1kf,1,0
eu9ithncrbqg9vxw6ac11r9l9,1,0
e7bna9c8h2aedt4nvosf82iw1,2,0
ettqhpjqd3fcgfd68o13p9g28,1,0
evj0w9dedyiqtvv4bm05w7z3u,0,0
e42ieihjvro07e6xvaylvoz5g,1,0
ek88m7ogbg8qylfx0zlr6yxwv,5,0
e4k7nea6x9cvruj3mdaa2361h,0,1
ea09aymki85mlg41lkawt3j9k,18,1
e8yt4wwtuw4djzb2tnmqtkas5,3,0
ed87s6edigmrz0e96unocxwub,3,0
eb5e31t21x2bftth3no1p44fu,2,0
evl27w5eemfh9tdr5xct62h77,5,0
e1jn5x01tujvoayyxg2kw0gm8,3,0
e14wfy21pc5jmsgl38rrw5b6y,1,1
e08hb57x74t2sc5aksra1h3fz,5,0
ekx37sithrhs60hcopdu9gy08,1,0
e6l63tl8a4jv3il8a8yo3vrre,14,4
eafaehkqbqltc36zrrrxgryt7,4,1
evlj31gm9saxl1dlh255qnglp,1,1
e8o9jea4cb8hr4vl1422dca0j,20,0
eklbfvjn6apijwwn4mkqgytjx,0,1
ejh2jk4xcg5ul7l37r84aiw5j,2,0
eij72dtsvi9dfe6brrbwojdrx,4,0
e5daaa1a8zpkri0qkc2w2dqf3,2,0
eelpcx1l7w1s1hztbl92t35d3,1,0
ettpqp819n9s5krk20ucgya5p,1,0
efufubbokfgtj44h05m2sr19m,2,0
eibphjw6rgzvusarpzqep2db7,2,0
eeob9xlnjoxutlhwj4plvg6ex,1,0
22534151,5,1
22534046,1,0
22534057,13,1
22534077,15,2
22534070,19,1
22534157,18,2
22534199,17,3
22534084,2,1
22534062,10,1
22534099,3,0
22534178,5,1
22534104,7,2
22534172,6,0
22534039,6,1
22534092,1,0
22534051,7,0
22534186,3,0
22534143,18,2
3174700,2,0
3174703,1,0
3174698,6,1
3174696,1,0
3174709,2,0
3174705,2,0
3174706,4,0
3174708,1,1
3174711,2,0
17459609,1,0
17459598,1,0
17459593,2,0
17459566,1,0
ephjvtdd53tpbrl92bq56lgg4,0,2
egp1j23cy8xmgf5ahuxvcxmzh,0,1
esw2q6uouula0o6fntxhu3qwl,0,1
egwozne2xx3wf43w8c1uutuzg,0,1
evjmbm13kzv01lcwrtloxof52,1,0
eg73kl686goujw05wqzyvkv32,0,1
ecos2tgmaynlmev61v6wc47wm,1,0
e91qcd7orvq60cdizzdjju3mb,0,0
eokoz1diaosv6ano9lt993lz6,0,1
37275974,1,0
37275973,1,0
18506137,1,0
18506130,2,0
18506132,1,0
18506126,1,0
ejxwd33taswh4amcnm5gefkow,1,0
elu3s5p6i955sri9l61xou1wa,1,0
ebx7u6hg3seo2f349o003oiyj,4,0
e01wokweh540r2ce9zek6wjml,0,2
ecg9z6jq7ro8yvsusw7rvduf0,1,0
ez84kj0jfydtvbutjhoua7hg6,4,0
e9rc92oz0m3ua02ryjm5s5v00,0,1
e6tzqzbtt521fy3mzaqsngpd5,1,0
egkbd786zwujsrfswzp7jdtxs,12,0
e48w3j729kuqxtbd6yx9jl0sk,1,0
edhkj8k7kkvihvxy4nwefnkgd,1,0
egxqp51937k9tebz2wntgpbvr,1,0
e3qwr2b6xa8vjo6wp75gkfzrl,2,0
ey7srraa671j590i9tsosiy5o,2,0
eq0edn6yfj5einif8nfku4pk8,1,0
egvrtm4kthvlute8jfsdi5xdi,3,0
ev0f2cn4vv5lo7xjodw89q5gp,1,0
e5u7dsf3hmd9khoscuowcj6ck,1,0
eh7kpr4ahi7anlclkd6m2sr2k,1,0
e1wuxzbujv1lg4g8vlcn736m2,1,0
e5fa5iw18pzpl22eihkbphbnj,7,0
e2nqwsq2oumsfe5eyjlb0bczn,1,0
e3l1zz1oa1hkkqevlol4bc7i1,3,0
enrokq62q0u65f6cn6y7i9eqq,0,1
ea007rxikonn7ipt08a8xi6kr,1,0
ejb8l6y9oh7pig8petk8qou5e,0,1
eeptrc1qdif4835sa7u8gmdhi,2,0
eeawrhdx30kmrvh48dvdny20g,1,0
e3z4h3e5qv5i1fuj2z6suvujv,1,0
es3qscupdypd4f7fiigzp951g,1,0
15369064,1,0
15369059,1,0
15369033,1,0
15368803,0,2
15368743,3,0
15368760,1,0
15369015,6,6
15368867,1,0
15368676,1,0
15368711,2,0
15368938,1,0
15368686,0,0
15369076,1,0
15368820,2,0
15368707,1,0
15368700,4,0
28469472,1,0
28469496,0,1
28469455,0,1
28469463,1,0
28469484,0,1
28469489,3,0
28469473,1,0
28469471,0,0
28469494,2,2
28469464,0,1
37798827,3,0
37799394,4,0
37799344,12,2
37799337,3,0
37799377,14,1
37798768,2,1
37799353,14,2
37799349,12,1
37798760,2,0
37799379,20,0
37799343,8,1
37799351,20,0
37799355,7,1
37799396,1,0
37799346,1,0
37798761,20,0
37798770,2,0
37799348,20,0
37799338,4,0
37798769,6,0
37799362,11,1
37799370,2,2
37798764,0,1
37799358,5,1
37798821,0,0
37798763,1,0
37799397,8,0
37799339,1,0
37798762,1,0
37799345,3,0
37799383,1,0
37798819,17,3
37799354,17,1
37799382,11,1
37798825,2,0
37799390,3,0
37799388,3,1
37799350,1,0
37799378,9,3
37799359,1,0
37799367,19,1
37799369,10,0
37799398,16,4
37799342,11,0
37799395,20,0
37798823,4,0
37799386,12,2
37798824,3,0
37798820,4,1
37799381,2,0
ebpjy8c6z0ks5lhgrli68balz,7,1
e5d0m53d17713pxosp8sjccgq,5,1
e2wrnrvt5luts3xob9p9lr4md,2,0
enabc8ql3qgwjzj71405xyelv,1,0
ele7zexsi5kjg849oqa5vo93y,1,0
e0zagvdy5chbqxj96s4fw7z4f,1,0
evmx2svwk7h2j96q47ujim91m,2,0
eyt8si9tz368md18hquzd2ell,1,0
eh83a8x1a2yw4j955f8ewxxvi,5,0
exqkzdpimfe9rfjrfiibrtar5,1,0
e0xwlorjnl1fofun5xh8t3oyc,1,0
eub3xb4gfsrwz1b663dy607h1,0,0
ekjrdxywsu3m56uz3ie6b0laa,1,0
ey4bzeq1oqlxtqwgrgpphhzla,8,2
ehtnx37z52bfvte6y1b3qlx80,10,2
esogqe8id9yfjk76xsqgjpsrz,5,0
eqrxy2fq7tu4wkplfo2a8ee86,14,0
evd96fh9k7yojb0cr7v0hstcj,7,0
emr9s29fut2lza3tm35h1f9wm,17,3
eqmgjjzmj9uujo2vhljfkhix4,3,1
esi4xbg6lh2xeq8wxe596arfo,5,0
2911104,1,0
2911101,0,1
18023767,1,1
18023812,1,0
18023791,2,0
18023802,2,1
18023757,4,1
18023731,3,2
18023863,0,1
37076258,0,0
37076279,1,0
37076278,1,0
37076250,1,0
37076273,1,0
28438720,2,0
28438709,3,1
28438715,1,0
28438689,2,0
28438713,1,0
28438722,1,0
28438732,1,0
28438701,7,1
28438717,2,0
24753473,3,1
24753516,1,0
24753400,1,0
24753932,3,1
24753891,1,0
24753743,0,1
24753536,1,0
24753591,1,1
24753408,1,0
24753858,4,0
24753918,2,1
24753548,12,6
24753604,4,0
eal65qo3qqls0zz8mo9vx590d,1,0
e005ukjqpgnaomutz5eux5w82,2,1
33984812,1,0
33984795,2,0
33984781,1,0
33984808,1,0
33984800,3,0
33984763,1,0
34029278,4,0
33984754,6,0
33984784,1,0
33984755,6,0
33984791,4,0
17431313,1,0
17431406,0,1
17431352,7,1
17431323,1,0
17431360,1,0
17431329,1,0
17431389,4,0
17431256,1,1
17431238,1,1
33839400,17,3
33839503,7,0
33839384,1,0
33839500,9,2
33839509,2,0
33839399,2,0
33839407,1,0
33839504,2,1
33839526,2,0
33839615,0,1
33839506,2,0
33839367,0,0
e5yzezxe8okawsjxacev712ul,0,1
eh0elq59u7emskmd40un2cwky,1,0
epue35sdtttsbj5wwuwljj4xa,0,1
efrsoygg0nzycpnpw8z6sqdg4,1,0
ev9uix2q5emfwtz5tzso24046,6,2
eq51mg1022grij8ofivolgaxg,1,0
ee5s371wvniz4g128g2kax2qs,1,0
e619z1royebi1ubvlk6ta7aul,2,1
e8u80a6dsawy54cl1nbtm586j,1,0
e3neiqqebocea3aw7e5eez47c,1,0
eh3ft9rdgekwd1bitade8g85k,1,0
ejj9flxt3ow43z0h6apnp996o,1,1
7829460,1,0
7829691,0,1
7829768,1,2
7830037,0,1
7829727,0,1
7830073,0,1
e7fxdrkvrhkik69yjraaosl4u,12,1
ep2a1klxvvk51acpz3wleqobf,2,0
exu0dptw781n15yd6zjf64m30,1,0
e157dek8e1y86mdbqkwrhlcy8,8,0
e7i65ggftus4zv2t8lrn9wcbr,1,0
edb844vfkr56kaf85yv87cj6d,5,1
eoz2x54pmgvb7ufth7lmra120,9,0
en2ew5fm3u8yftjwaqlpiub06,8,0
emvsj2q7ctlr27j3tzot4dz8y,7,1
exn8vvrgsiaq4jq32lq8cpe8y,18,2
ecayfdbw1zmdewu5t0ehualln,2,0
erm5m7519xqthnkrptyigabq7,1,0
e4v0n5d80i4h3t6m5ln69on8y,2,0
eeoa12kviy49p653vvbbeax7b,2,0
e5gk7eeeta96mhqn4o3f54488,2,0
e18cgl9rdj7e4a2x9iz29t2nc,20,0
euqnbopzi5slyixtc7g4zp4v5,19,1
edqpheac4xdcd5ub37y92aqd9,0,0
e5jwfvaopglcjpgdnwqcp04iz,2,0
envfuucdccztebvw3xh6i1j4a,7,3
ewsnlfrar6qpzadhgcbcrkmhp,8,0
ew682i8o6s10c4mivecukezkn,11,0
140793,1,0
140790,1,0
26027878,1,1
26028107,0,1
26027642,1,0
26028093,2,0
26027621,1,0
10767698,9,1
10767700,1,1
10767702,1,0
10767711,1,0
10767683,1,0
10767695,0,2
10767708,1,0
10767699,2,0
27838273,2,0
27838304,1,0
16508560,4,2
16508378,0,0
16508533,2,0
37163456,4,0
37163445,2,0
37163448,11,4
37163436,8,1
37163429,19,1
37163441,5,0
37163447,3,0
37163452,7,2
37163437,6,2
37163434,9,0
37163426,16,1
37163457,0,0
37163462,2,0
37163446,2,0
37163450,3,0
37163428,1,0
37163455,3,0
27005009,1,0
27004939,4,2
27004941,2,0
27004930,9,1
27004938,0,1
27004935,1,0
27005004,3,0
9887637,1,0
9887774,0,1
9887740,5,3
9887799,0,1
9887622,1,0
9887748,1,0
9887591,1,0
emi6ghkstdrsytml2yghcy1wk,1,0
emeqm7xmp6au550s1usxesajn,1,0
ehg8tgnf5slpw14vt809o9f5d,1,0
e3ubr64zqw2zq2bm83bip3aev,2,0
e1zry16lo7jisuvkt42xfwsff,3,0
e3ygwd142jzygnt5xvivvqa8c,1,0
ej6c8kmd5jbiv9g37azvx56iu,1,0
15374862,2,0
15374825,1,0
15374937,0,0
15374881,4,1
15374830,0,0
egua480q4pbphy7r643kxoytm,0,1
evq4hw796q27uw0m6wztq2vj5,0,1
eenpqbaxxpmsixe8ed7n6yeo9,1,0
ex4um4kxvq743315nco4lsxke,0,1
ekk8bvl0obb6k5j9aptrmnqsy,0,1
eg4f74j70ddi2exp44bj91snv,3,0
ekjq1aey1tcbnsb4hmoejwlgg,1,0
ey95tqwrt4sxnbhscylnhgvxd,0,1
en4krc54eqvrsfygnkeo1preq,1,1
eigu4w401jw43jdl06l6161so,0,1
19604420,2,0
19604434,1,0
19604485,0,1
19604427,1,0
19604374,3,1
19604380,1,0
19604461,2,0
19604361,1,0
19604586,0,1
19604385,2,0
19604619,0,1
19604369,1,0
18895576,2,0
18895351,1,0
18895296,1,2
18895581,1,0
18895417,0,1
18895627,4,1
19252974,2,0
19253052,11,2
19252940,5,0
19252930,9,0
27004408,1,1
19252955,4,0
19253015,17,0
19252995,10,1
19253039,1,0
19252924,1,0
19252959,1,0
19252937,12,0
19252926,4,1
19252951,7,0
19252947,3,0
19252988,2,1
19252970,10,0
19253044,19,1
19252979,20,0
19252944,1,1
19253006,7,0
19252963,2,0
19253024,4,1
34460200,14,1
34460206,13,0
34460198,20,0
34460201,18,2
34460202,10,1
34460207,20,0
34460205,1,0
34460204,11,1
7600385,5,2
7600817,2,0
27450932,8,0
27450915,2,0
27450937,5,0
27450903,2,0
27450914,5,0
27450919,9,0
27450940,1,0
27450930,5,0
27450923,6,0
27450901,1,0
27450920,19,1
27450938,1,0
27450898,2,0
27450926,6,0
27450911,1,0
27450921,6,0
27450918,13,0
27450902,5,0
27450942,1,0
27450917,3,0
27450929,12,1
27450906,6,0
27450928,4,0
27450927,5,0
27450939,1,0
27450924,3,0
27450899,1,0
27450910,2,0
27450931,4,0
27450909,4,1
27450912,1,0
27450922,11,0
27450916,5,0
27450908,2,0
27450907,4,0
19643939,3,0
19643958,1,0
19643953,1,1
19643929,1,0
19643910,1,0
19643956,1,0
19643883,1,0
19643964,1,0
19643993,1,0
19643923,3,0
19643966,1,0
19643987,3,0
19643960,1,0
19643881,0,0
19643994,2,1
19643989,1,0
19643937,1,1
19643948,1,0
19643951,0,2
19643921,0,0
19643886,2,0
19644012,2,0
19643992,1,0
19643869,2,2
19643982,1,0
19643894,1,0
19643969,2,0
19643933,1,0
19643949,3,0
19643878,3,1
19643950,3,0
19643952,4,0
19644013,18,2
19643900,1,0
19643941,1,0
19643977,18,2
19643988,1,0
19644010,3,0
19643997,3,0
19643995,13,0
19643903,4,1
19643973,1,0
19643981,3,0
19644003,1,0
19643875,1,1
19643955,1,0
19643979,2,0
19643925,10,1
19644000,1,0
19644017,1,1
19643945,1,0
19643917,1,2
19643984,6,0
19644007,0,1
19643896,8,0
19643967,17,2
19644006,1,0
19643985,5,1
19644009,1,2
19643947,1,1
19643927,1,0
19643980,3,0
19643888,1,0
27399867,2,0
27399876,19,1
27399877,10,2
27399798,6,1
27399874,1,0
27399879,2,0
27399793,17,3
27399863,1,0
27399794,1,1
27399799,2,0
27399871,18,2
27399869,18,2
27399872,19,1
27399873,1,0
27399865,1,0
23281480,9,0
23281179,3,0
23281255,5,1
23281431,5,0
23281309,6,1
23281181,5,2
23281515,1,0
23281501,1,0
23281372,14,4
23281506,1,0
23281514,3,2
23281466,13,0
23281402,10,1
23281316,3,1
23281329,1,0
23281483,4,0
23281443,5,0
23281472,2,1
23281517,2,0
23281374,17,0
23281250,14,0
23281214,4,1
23281446,3,0
23281266,1,0
23281449,10,0
23281359,18,1
23281419,5,0
23281292,2,0
23281262,5,0
23281353,10,0
23281245,10,1
23281189,4,0
23281422,11,0
23281392,18,2
23281386,1,0
23281199,1,0
23281210,19,1
23281522,5,0
23281528,0,1
23281383,4,0
23281252,1,0
23281518,1,0
23281505,2,0
23281172,6,0
23281535,15,4
23281205,5,0
23281407,4,0
23281429,5,1
23281247,15,0
23281438,1,0
23281389,0,2
23281496,2,0
23281259,19,1
23281481,3,0
23281168,6,0
23281379,2,0
23281426,4,0
23281436,3,0
23281489,2,0
23281538,1,0
23281398,11,0
23281459,1,0
23281484,3,0
23281362,12,5
23281529,1,0
23281165,8,0
23281508,1,1
23281469,1,0
23281512,1,0
23281451,1,0
23281366,19,1
23281478,4,0
23281520,4,0
23281220,18,2
23281175,3,0
23281368,18,2
23281226,6,0
23281504,0,0
23281510,2,0
23281241,19,1
23281349,2,1
27080932,1,0
27080942,1,0
27080934,0,1
27080922,1,0
27080924,1,0
27080930,0,1
27080921,2,0
27080939,1,0
30118100,1,0
26853457,7,0
26853462,19,1
26853453,7,0
26853456,19,1
26853460,6,0
26853459,1,0
30118104,14,0
26853464,13,0
26853784,20,0
26853859,8,0
26853781,2,0
26853782,7,0
26853789,1,0
26853785,11,1
26853857,8,0
26853855,19,1
26853455,20,0
30118103,4,0
26853866,12,0
26853787,19,1
26853461,19,1
26853458,9,1
26853862,20,0
25315952,1,0
25315937,3,0
25315608,3,0
25315448,1,0
25315913,1,0
25315556,4,0
25315836,6,0
25315821,4,0
25315518,0,0
25315681,9,0
25315602,17,3
25315703,1,1
25315586,1,0
25315858,2,0
25315431,6,1
25315765,8,3
25315651,2,0
25315616,1,0
25315881,3,0
25315676,1,0
25315732,14,1
25315746,15,5
25315474,3,0
25315946,1,0
25315867,1,0
25315812,2,2
25315781,3,0
25315896,1,0
25315695,1,0
25315955,1,0
25315667,1,0
25315964,2,0
25315687,6,1
25315848,3,0
25315466,1,0
25315844,13,4
25315457,4,0
25315756,4,1
25315853,15,1
25315490,1,0
25315723,2,0
25315619,4,0
25315423,17,3
25315716,2,0
25315775,1,0
25315708,3,0
5249017,1,0
5248957,1,0
5249054,2,0
5248944,19,1
5248898,1,0
5249011,1,1
5248886,8,2
5248924,1,0
5248863,1,0
5249003,16,4
5248855,2,0
6848479,2,0
6848513,1,0
33206760,3,0
33206754,1,0
33206756,1,0
33206758,12,0
33206759,1,0
33206752,6,0
33206750,1,0
33206755,3,1
33206765,9,1
ew308lkln4crj6323ic4emakt,1,0
e3yqypenq79nmspundmrzk5rq,2,0
eyz987kp7vadx3dgnz9q143c4,5,0
eab1jxhf7d2u57jvksr4sy9qy,1,0
8185667,7,0
8186659,2,0
8185629,2,2
8185651,2,0
8186628,6,0
8185878,2,2
8186225,1,0
8185832,0,1
8185770,1,0
19119547,4,0
19119299,13,2
19119564,2,0
19119339,0,1
19119321,2,1
19119533,1,0
19119334,6,0
19119482,4,0
19119366,2,0
19119259,2,0
19119419,2,0
19119316,10,0
19119251,1,0
19119512,1,0
19119456,5,2
19119492,10,2
19119541,3,0
19119360,6,0
19119284,9,1
19119268,1,0
19119497,6,1
19119425,16,0
19119460,5,0
19119305,6,0
19119354,1,0
19119295,8,3
19119292,1,0
19119318,1,0
19119404,3,0
19119439,4,0
19119525,0,0
19119502,2,0
19119310,3,0
19119435,1,1
19119331,1,0
19119344,1,0
19119506,5,0
19119372,6,0
19119313,2,0
19119324,1,0
19119517,4,0
19119301,3,0
19119430,7,1
19119487,3,0
19119445,2,0
19119389,5,0
19119273,1,1
19119350,5,0
19119288,18,1
19119452,1,1
19119529,2,2
34011280,1,0
34011522,1,0
34130030,5,2
34130031,15,5
34130032,3,0
34011714,0,1
34011711,0,0
34011715,2,1
34011693,1,1
34011713,1,0
34011697,1,0
15916216,0,3
15915745,1,0
15916195,1,0
15915766,1,0
15915838,1,0
15916060,1,0
15915714,1,0
15915945,0,1
15916116,3,0
15915772,1,1
15915736,0,1
15915721,1,0
15915807,1,0
25816936,10,0
25816919,5,0
25816902,11,0
25816912,7,0
25816826,11,0
3321067,7,0
3321074,1,0
3321107,2,1
3321081,1,0
3321106,0,1
3321115,1,1
3321091,1,0
3321113,0,1
3321098,1,0
3321097,0,1
3321104,0,0
3321072,1,0
3321109,3,1
ekpkfj8eiktlj8bbhyye1x58z,1,0
efvvnr0yp5jyz0uqyql78oysg,1,0
e7sl7c80oxfwvnan15zub50vl,2,0
evd1oekkssbesj3779vxp1o1u,10,2
ebwm78vplemebcp9h09mnsuvk,1,0
euerzow7rg551sxcj8m51t5c2,0,0
e82mtcemoitf9lam934zmykou,11,0
edt2g7wz8pabt1k8jl1hpto5g,16,4
e55v3es9zq6q5i8iyxs9dga2g,3,1
edo9v4r49bqxtnrhvz73s7rfe,1,0
eld7dbh2czesduei6cp2aqhcj,1,0
e9laob7a67ezieioohz9x5a8g,7,0
eh8crlg80sfz3fc5ulx5rmsma,4,3
32049986,1,0
32050655,1,0
3333083,1,0
3333086,0,1
3333127,2,0
3333134,1,0
3333085,3,0
3333108,1,0
3333113,1,0
3333117,1,0
3333082,12,2
3333118,2,0
27432795,15,4
3333164,19,1
27432807,1,0
3333084,18,0
27432803,2,0
3333172,2,0
27432799,11,1
3333159,1,0
3333163,0,0
27432800,4,0
3333137,1,0
3333091,1,0
3333094,0,1
3333089,1,0
3333093,3,0
3333142,0,1
27432797,1,0
27432796,1,0
27432801,2,0
3333173,3,0
3333135,2,0
12535398,8,0
12535506,1,0
12535560,1,0
12535465,1,0
12535341,0,1
12535394,4,0
12535574,8,0
12535414,3,0
12535430,4,3
12535374,1,0
12535378,9,0
12535352,1,0
12535443,6,0
12535356,1,0
12535554,0,1
e2ynobywfykv6v8cdif7vj9a1,1,0
ei69yqjr864k5zw2b6fm8ns3k,15,1
e11vfulcx9ypmbi9uhrpzvror,19,1
ebhmf9v6zr62u97pe6k29wbtb,4,0
e1ol7wdu2e7su5qwxq4zbv90b,19,1
eciurt6f0qi3vhl8tdnc5hyqe,19,1
eai0687frovuhd060gzc51kuc,1,0
ersynpz1escybc6qsszjcowez,4,0
erjen8d8lze7c6btfts2t7vhs,13,1
e6vi2tvn0h3cibp97wl9od0ac,17,1
ezmpyiadneut0mph16zjpy4jn,1,0
edkypk1m45ssy0howejdg4u6e,3,1
efptman69fjy7ap28fpd72g39,4,0
e2dvpargjpqi5irpulwrobus3,20,0
efcn9t4xdgikl4cvgp9bq2muj,1,0
e6j83mcqaxf8nl3uvhc3mq9b2,3,0
eoikvjyz5gwswvy1yo3g20fge,15,0
ekichhi0gxcz7z267kqisjeld,1,0
ehrxj4aa722vf9620v5bsyaj6,2,1
eeptjmzkp0129v282yar57sas,13,0
1958075,1,0
1957997,1,0
1958013,1,0
1957994,4,0
1958047,4,0
1958010,7,0
1958011,1,0
1958048,1,0
1958063,1,0
1958007,1,0
1958004,1,0
1958050,2,0
1958002,1,0
1958064,3,0
1958025,0,0
1958074,1,0
1958046,1,0
1958015,1,0
1958051,6,0
1958008,5,1
1958014,1,0
23186206,3,0
23186199,12,3
23186208,12,0
23186177,14,6
23186184,0,1
23186207,7,0
23186209,3,0
23186172,5,3
23186247,3,0
23186213,7,4
23186248,4,1
23186251,2,1
23186162,3,1
23186212,11,2
23186194,1,2
23186186,0,0
23186182,2,0
23186201,5,2
23186241,1,0
23186170,4,1
23186216,1,0
23186246,3,0
23186166,7,1
23186165,11,2
23186210,3,0
23186203,1,0
23186228,7,9
23186225,5,0
23186176,1,0
23186214,2,1
23186174,2,0
23186244,7,4
23186197,10,4
23186221,5,3
23186171,5,2
23186245,2,1
23186204,1,0
23186169,1,0
23186164,9,7
23186202,4,1
23186235,1,1
23186232,3,0
23186249,1,0
2826946,1,0
2826935,2,1
2826961,2,0
2826957,0,1
2826985,1,0
2826966,2,0
2826943,1,1
2826986,1,0
2826949,1,0
18803888,20,0
18803716,5,0
18803933,2,0
18803743,5,0
18803963,3,0
18804040,11,0
18803937,1,0
18803979,12,0
18803941,1,0
18803686,9,0
18804016,2,0
18804004,19,1
18803830,20,0
18804011,6,1
18803811,2,0
18803925,4,0
18803785,2,0
18803918,5,2
18803779,1,0
18803859,5,0
18803952,9,0
18803611,2,0
18803693,1,1
18803837,1,0
18804021,1,0
18803723,8,0
18803900,0,1
18803876,3,0
18803846,7,0
18803971,1,0
18803930,2,0
18803966,1,0
18803853,2,0
18803819,3,0
18803957,1,0
18803710,1,0
18803802,2,0
18803676,4,0
18803772,2,0
18803906,2,1
18803728,1,0
18803990,8,0
18803881,6,0
18803603,0,1
18803759,2,0
18803629,2,0
18803947,2,0
18804036,19,1
18803912,5,0
698154,7,0
698136,6,0
698146,3,1
698117,17,3
698156,0,1
698121,4,0
24881921,0,0
24881816,6,0
24881891,17,3
24881927,2,0
24881837,0,0
24881810,3,0
24881870,0,1
24881903,0,0
24881916,1,0
24881933,2,0
18848089,2,0
30186223,1,1
30186231,1,0
30469189,5,0
30186233,4,2
30186238,2,0
30186218,0,1
30186222,0,0
30186240,1,0
30186232,8,1
30186236,1,0
30186243,2,0
30186015,1,0
30186220,1,0
30186225,0,1
30186230,1,0
30186219,3,0
30186245,3,0
19316732,1,0
19316736,1,0
19316731,3,1
19316724,4,2
19316743,1,0
19316737,5,2
20592621,8,2
20592776,13,1
20592714,7,0
20592675,4,0
20592655,11,0
20592822,19,1
20592837,2,1
20592792,4,0
20592685,16,0
20592856,7,0
20592784,17,3
20592892,1,0
20592699,9,1
20592606,2,0
20592818,11,0
20592626,18,2
20592871,10,0
20592812,12,1
20592737,10,0
20592753,18,2
20592641,9,0
20592830,13,0
20592632,2,0
20592885,13,0
20592805,18,2
20592860,4,0
20592865,2,0
20592846,6,0
20592743,1,0
20592875,5,0
20592882,6,0
20592851,3,1
20592613,8,2
5430760,1,0
5432668,1,0
5430440,0,0
5431579,1,0
5432764,1,0
5431655,1,0
5430898,1,0
7967641,0,1
25799247,0,1
25798883,1,1
25798886,1,0
8234431,20,0
8234127,20,0
8234362,19,1
8233911,11,0
8233841,20,0
8233921,6,0
8234027,9,0
8234163,20,0
8234218,17,0
8233881,4,1
8234400,0,1
8233863,18,2
8233949,5,1
8234182,20,0
8233933,13,0
